1033.600 3805.600 27.500 260.000 8 1 99999 99999 NOFILE
2330.800 3745.200 13.250 182.500 8 1 99999 99999 NOFILE
2500.400 3747.600 13.250 182.500 8 1 99999 99999 NOFILE
2654.000 3752.400 13.250 182.500 8 1 99999 99999 NOFILE
848.000 4062.800 46.000 5.000 7 0 1613.600 3867.600 NOFILE
5046.400 3801.200 39.750 255.000 8 1 99999 99999 NOFILE
6729.200 3715.200 34.500 62.500 6 0 7064.124 3933.310 NOFILE
7120.400 3981.600 34.500 62.500 6 0 6360.468 3316.160 NOFILE
6808.400 3405.600 14.000 165.000 8 1 99999 99999 NOFILE
6576.400 3408.800 14.000 165.000 8 1 99999 99999 NOFILE
6022.400 4059.200 45.000 7.500 7 0 7197.818 3934.892 NOFILE
8445.600 3432.000 44.000 65.000 6 0 8938.000 3898.400 NOFILE
7595.600 3762.000 36.500 267.500 8 1 99999 99999 NOFILE
11464.800 3495.600 54.000 45.000 6 0 10733.180 3464.250 NOFILE
10329.600 3969.200 59.750 5.000 7 0 11636.400 3898.800 NOFILE
9162.800 3490.800 53.750 42.500 6 0 10156.418 3376.450 NOFILE
12859.200 3838.400 53.750 45.000 6 0 12156.400 3463.600 NOFILE
12072.800 3967.200 59.250 15.000 7 0 13244.800 3464.000 NOFILE
12284.800 3621.200 24.250 190.000 8 1 99999 99999 NOFILE
2192.800 4003.600 710.264 70.000 9 0 99999 99999 NOFILE
13386.800 3472.000 17.500 160.000 1 0 99999 99999 NOFILE
5323.600 3502.000 30.250 567.500 1 0 99999 99999 NOFILE
4204.394 4082.146 495.259 82.500 9 0 99999 99999 NOFILE
7275.600 3968.800 39.250 82.500 11 0 99999 99999 NOFILE
3188.800 3954.000 50.000 100.000 6 0 3666.400 3822.400 NOFILE
-13.962 3881.714 50.000 197.500 0 2 99999 99999 Resources/Dialogues/Forest/Intro/intro_1.txt
313.809 3811.608 50.000 197.500 0 2 99999 99999 Resources/Dialogues/Forest/Enemy/enemy_1.txt
5685.828 3759.772 50.000 197.500 0 2 99999 99999 Resources/Dialogues/Forest/Burn/burn_1.txt
7224.872 3903.627 50.000 197.500 0 2 99999 99999 Resources/Dialogues/Forest/Scroll/scroll_1.txt
8999.272 3885.326 50.000 197.500 0 2 99999 99999 Resources/Dialogues/Castle/Intro/intro_1.txt
13438.636 3447.814 50.000 197.500 0 2 99999 99999 Resources/Dialogues/Castle/Boss/beforeminiboss_1.txt
8966.800 3887.200 2.750 210.000 12 0 99999 99999 NOFILE
13489.600 3439.600 8.750 245.000 12 2 99999 99999 NOFILE