-267.200 4073.200 1.000 61 0
-77.200 4073.200 1.000 61 0
112.800 4073.200 1.000 61 0
302.800 4073.200 1.000 61 0
492.800 4073.200 1.000 61 0
682.800 4073.200 1.000 61 0
299.600 3986.750 0.475 68 0
872.800 4073.200 1.000 61 0
1062.800 4073.200 1.000 61 0
1252.800 4073.200 1.000 61 0
1442.800 4073.200 1.000 61 0
783.200 3832.000 0.675 64 0
798.400 3768.280 0.590 66 1
1632.800 4073.200 1.000 63 0
1762.000 4011.600 0.495 72 0
2101.200 4072.400 1.000 62 0
2302.200 4072.400 1.000 61 0
2492.200 4072.400 1.000 61 0
2682.200 4072.400 1.000 61 0
2872.200 4072.400 1.000 61 0
3062.200 4072.400 1.000 61 0
3252.200 4072.400 1.000 61 0
3442.200 4072.400 1.000 61 0
3632.200 4072.400 1.000 61 0
3641.600 3976.850 0.525 68 0
3822.200 4072.400 1.000 61 0
4012.200 4072.400 1.000 63 0
4014.400 3980.490 0.505 68 0
4032.800 3925.950 0.505 66 0
4010.400 3582.800 0.505 69 0
4216.800 3658.800 0.505 64 0
4520.000 3655.600 0.505 64 0
4842.400 3816.400 0.505 64 0
4918.400 12563740672.000 0.505 66 1
4691.200 4072.400 1.000 62 0
4892.200 4072.400 1.000 61 0
5082.200 4072.400 1.000 61 0
5272.200 4072.400 1.000 61 0
5462.200 4072.400 1.000 61 0
5652.200 4072.400 1.000 61 0
5842.200 4072.400 1.000 61 0
3620.110 3535.050 0.470 71 0
5890.400 3745.200 0.560 67 0
6032.200 4072.400 1.000 61 0
6222.200 4072.400 1.000 61 0
6412.200 4072.400 1.000 61 0
6602.200 4072.400 1.000 61 0
6792.200 4072.400 1.000 61 0
6982.200 4072.400 1.000 61 0
7172.200 4072.400 1.000 61 0
7362.200 4072.400 1.000 61 0
7552.200 4072.400 1.000 61 0
7742.200 4072.400 1.000 61 0
7932.200 4072.400 1.000 61 0
8122.200 4072.400 1.000 61 0
8312.200 4072.400 1.000 61 0
8502.200 4072.400 1.000 61 0
8692.200 4072.400 1.000 61 0
6948.800 3712.400 0.465 64 0
6216.800 3481.400 0.550 66 1
6676.800 3826.800 0.465 65 0
7027.600 3876.800 0.465 72 0
8099.600 3764.000 0.590 64 0
7683.600 3773.600 0.590 64 0
8381.200 3530.400 0.590 64 0
8882.200 4072.400 1.000 80 0
8969.200 4072.400 1.000 80 0
9056.200 4072.400 1.000 80 0
9143.200 4072.400 1.000 80 0
9230.200 4072.400 1.000 80 0
9317.200 4072.400 1.000 80 0
9404.200 4072.400 1.000 80 0
9491.200 4072.400 1.000 80 0
9578.200 4072.400 1.000 80 0
9665.200 4072.400 1.000 80 0
9752.200 4072.400 1.000 80 0
9839.200 4072.400 1.000 85 0
9839.200 3985.400 1.000 89 0
9926.200 3985.400 1.000 85 0
9926.200 3898.400 1.000 89 0
10448.200 4072.400 1.000 80 0
10535.200 4072.400 1.000 80 0
10622.200 4072.400 1.000 80 0
10709.200 4072.400 1.000 80 0
10796.200 4072.400 1.000 80 0
10883.200 4072.400 1.000 80 0
10970.200 4072.400 1.000 80 0
11057.200 4072.400 1.000 80 0
11144.200 4072.400 1.000 80 0
11231.200 4072.400 1.000 80 0
11318.200 4072.400 1.000 80 0
11405.200 4072.400 1.000 80 0
11492.200 4072.400 1.000 80 0
10013.200 3898.400 1.000 80 0
10100.200 3898.400 1.000 85 0
10100.200 3811.400 1.000 81 0
10100.200 3724.400 1.000 81 0
10100.200 3637.400 1.000 81 0
10100.200 3550.400 1.000 89 0
10187.200 3550.400 1.000 90 0
10187.200 3637.400 1.000 82 0
10187.200 3724.400 1.000 82 0
10187.200 3811.400 1.000 82 0
8882.200 3724.400 1.000 81 0
8882.200 3811.400 1.000 92 0
8969.200 3811.400 1.000 91 0
8969.200 3724.400 1.000 82 0
8882.200 3637.400 1.000 81 0
8882.200 3550.400 1.000 81 0
8882.200 3463.400 1.000 81 0
8882.200 3376.400 1.000 81 0
8882.200 3289.400 1.000 81 0
8969.200 3637.400 1.000 87 0
9056.200 3637.400 1.000 83 0
9143.200 3637.400 1.000 83 0
9230.200 3637.400 1.000 83 0
9317.200 3637.400 1.000 91 0
9317.200 3550.400 1.000 90 0
9230.200 3550.400 1.000 80 0
9143.200 3550.400 1.000 80 0
9056.200 3550.400 1.000 80 0
8969.200 3550.400 1.000 86 0
8969.200 3463.400 1.000 82 0
8969.200 3376.400 1.000 82 0
8969.200 3289.400 1.000 87 0
9056.200 3289.400 1.000 83 0
9143.200 3289.400 1.000 83 0
9230.200 3289.400 1.000 83 0
9317.200 3289.400 1.000 83 0
9404.200 3289.400 1.000 83 0
9491.200 3289.400 1.000 83 0
9578.200 3289.400 1.000 83 0
9665.200 3289.400 1.000 83 0
9752.200 3289.400 1.000 83 0
9839.200 3289.400 1.000 83 0
9926.200 3289.400 1.000 83 0
10013.200 3289.400 1.000 83 0
10100.200 3289.400 1.000 83 0
10187.200 3289.400 1.000 83 0
8882.200 3202.400 1.000 89 0
8969.200 3202.400 1.000 80 0
9056.200 3202.400 1.000 80 0
9143.200 3202.400 1.000 80 0
9230.200 3202.400 1.000 80 0
9317.200 3202.400 1.000 80 0
9404.200 3202.400 1.000 80 0
9578.200 3202.400 1.000 80 0
9665.200 3202.400 1.000 80 0
9752.200 3202.400 1.000 80 0
9839.200 3202.400 1.000 80 0
9926.200 3202.400 1.000 80 0
10013.200 3202.400 1.000 80 0
10100.200 3202.400 1.000 80 0
10187.200 3202.400 1.000 80 0
10274.200 3289.400 1.000 83 0
10361.200 3289.400 1.000 83 0
10448.200 3289.400 1.000 83 0
10535.200 3289.400 1.000 83 0
10796.200 3289.400 1.000 83 0
10883.200 3289.400 1.000 83 0
10970.200 3289.400 1.000 83 0
11057.200 3289.400 1.000 83 0
11144.200 3289.400 1.000 83 0
11231.200 3289.400 1.000 83 0
11318.200 3289.400 1.000 83 0
11405.200 3289.400 1.000 83 0
11492.200 3289.400 1.000 83 0
10274.200 3202.400 1.000 80 0
10361.200 3202.400 1.000 80 0
10448.200 3202.400 1.000 80 0
10535.200 3202.400 1.000 80 0
10622.200 3202.400 1.000 80 0
10709.200 3202.400 1.000 80 0
10796.200 3202.400 1.000 80 0
10883.200 3202.400 1.000 80 0
10970.200 3202.400 1.000 80 0
11057.200 3202.400 1.000 80 0
11144.200 3202.400 1.000 80 0
11231.200 3202.400 1.000 80 0
11318.200 3202.400 1.000 80 0
11405.200 3202.400 1.000 80 0
11492.200 3202.400 1.000 80 0
11579.200 3289.400 1.000 88 0
11579.200 3376.400 1.000 81 0
11579.200 3724.400 1.000 81 0
9926.200 4072.400 1.000 94 0
10013.200 3985.400 1.000 94 0
10100.200 3985.400 1.000 94 0
10013.200 4072.400 1.000 94 0
10100.200 4072.400 1.000 94 0
9491.200 3202.400 1.000 80 0
11579.200 3811.400 1.000 92 0
11666.200 3811.400 1.000 91 0
11579.200 4072.400 1.000 80 0
11666.200 4072.400 1.000 80 0
11666.200 3724.400 1.000 82 0
11666.200 3637.400 1.000 82 0
11666.200 3550.400 1.000 82 0
11666.200 3463.400 1.000 82 0
11666.200 3376.400 1.000 82 0
11579.200 3202.400 1.000 80 0
11666.200 3202.400 1.000 80 0
11666.200 3289.400 1.000 87 0
10622.200 3724.400 1.000 92 0
10622.200 3637.400 1.000 89 0
10709.200 3637.400 1.000 90 0
10709.200 3724.400 1.000 91 0
11399.420 3866.000 0.505 93 0
10970.200 3811.400 1.000 92 0
11057.200 3811.400 1.000 91 0
11057.200 3724.400 1.000 90 0
10970.200 3724.400 1.000 89 0
11579.200 3463.400 1.000 81 0
11579.200 3637.400 1.000 81 0
11579.200 3550.400 1.000 81 0
11399.200 3550.800 0.505 93 0
10361.200 3985.400 1.000 90 0
10187.200 3898.400 1.000 82 0
10187.200 3985.400 1.000 86 0
10361.200 4072.400 1.000 86 0
10274.200 3985.400 1.000 80 0
10187.200 4072.400 1.000 94 0
10274.200 4072.400 1.000 94 0
10622.200 3289.400 1.000 88 0
10709.200 3289.400 1.000 87 0
10622.200 3376.400 1.000 92 0
10709.200 3376.400 1.000 91 0
10621.232 3576.900 0.605 0 1
11753.200 4072.400 1.000 80 0
11840.200 4072.400 1.000 80 0
12275.200 4072.400 1.000 80 0
12362.200 4072.400 1.000 80 0
12449.200 4072.400 1.000 80 0
12623.200 4072.400 1.000 80 0
12710.200 4072.400 1.000 80 0
11753.200 3289.400 1.000 83 0
11840.200 3289.400 1.000 83 0
11927.200 3289.400 1.000 83 0
12014.200 3289.400 1.000 83 0
12275.200 3289.400 1.000 83 0
12362.200 3289.400 1.000 83 0
12449.200 3289.400 1.000 83 0
12536.200 3289.400 1.000 83 0
12623.200 3289.400 1.000 83 0
12710.200 3289.400 1.000 83 0
12797.200 3289.400 1.000 83 0
11753.200 3202.400 1.000 80 0
11840.200 3202.400 1.000 80 0
11927.200 3202.400 1.000 80 0
12014.200 3202.400 1.000 80 0
12101.200 3202.400 1.000 80 0
12188.200 3202.400 1.000 80 0
12275.200 3202.400 1.000 80 0
12362.200 3202.400 1.000 80 0
12449.200 3202.400 1.000 80 0
12536.200 3202.400 1.000 80 0
12623.200 3202.400 1.000 80 0
12710.200 3202.400 1.000 80 0
12797.200 3202.400 1.000 80 0
12884.200 3202.400 1.000 80 0
12971.200 3202.400 1.000 80 0
13058.200 3202.400 1.000 80 0
12884.200 3289.400 1.000 83 0
12971.200 3289.400 1.000 83 0
13058.200 3289.400 1.000 83 0
11927.200 4072.400 1.000 80 0
12536.200 4072.400 1.000 80 0
12188.200 4072.400 1.000 80 0
13145.200 3724.400 1.000 81 0
13145.200 3637.400 1.000 89 0
13145.200 3289.400 1.000 88 0
13145.200 3376.400 1.000 92 0
13232.200 3637.400 1.000 80 0
13319.200 3637.400 1.000 80 0
13406.200 3637.400 1.000 90 0
13406.200 3724.400 1.000 82 0
13406.200 3811.400 1.000 82 0
13406.200 3898.400 1.000 82 0
13406.200 3985.400 1.000 82 0
13406.200 4072.400 1.000 86 0
13232.200 3724.400 1.000 94 0
13319.200 3724.400 1.000 94 0
13232.200 3811.400 1.000 94 0
13319.200 3811.400 1.000 94 0
13232.200 3898.400 1.000 94 0
13319.200 3898.400 1.000 94 0
13232.200 3985.400 1.000 94 0
13319.200 3985.400 1.000 94 0
13232.200 4072.400 1.000 94 0
13319.200 4072.400 1.000 94 0
13232.200 3376.400 1.000 83 0
13319.200 3376.400 1.000 83 0
13406.200 3376.400 1.000 91 0
13406.200 3289.400 1.000 87 0
13145.200 3202.400 1.000 80 0
13232.200 3202.400 1.000 80 0
13319.200 3202.400 1.000 80 0
13406.200 3202.400 1.000 80 0
13493.200 3202.400 1.000 80 0
13580.200 3202.400 1.000 80 0
13667.200 3202.400 1.000 80 0
13754.200 3202.400 1.000 80 0
13841.200 3202.400 1.000 80 0
13493.200 3289.400 1.000 83 0
13580.200 3289.400 1.000 83 0
13667.200 3289.400 1.000 83 0
13754.200 3289.400 1.000 83 0
13841.200 3289.400 1.000 83 0
13232.200 3289.400 1.000 94 0
13319.200 3289.400 1.000 94 0
13928.200 3289.400 1.000 83 0
14015.200 3289.400 1.000 83 0
14102.200 3289.400 1.000 83 0
14189.200 3289.400 1.000 83 0
14276.200 3289.400 1.000 83 0
14363.200 3289.400 1.000 83 0
14450.200 3289.400 1.000 83 0
14537.200 3289.400 1.000 83 0
14624.200 3289.400 1.000 83 0
14711.200 3289.400 1.000 83 0
14798.200 3289.400 1.000 83 0
13928.200 3202.400 1.000 80 0
14015.200 3202.400 1.000 80 0
14102.200 3202.400 1.000 80 0
14189.200 3202.400 1.000 80 0
14276.200 3202.400 1.000 80 0
14363.200 3202.400 1.000 80 0
14450.200 3202.400 1.000 80 0
14537.200 3202.400 1.000 80 0
14624.200 3202.400 1.000 80 0
14711.200 3202.400 1.000 80 0
14798.200 3202.400 1.000 80 0
14885.200 3289.400 1.000 88 0
14885.200 3376.400 1.000 81 0
14885.200 3463.400 1.000 81 0
14885.200 3550.400 1.000 81 0
14885.200 3637.400 1.000 81 0
14885.200 3724.400 1.000 81 0
14885.200 3811.400 1.000 81 0
14885.200 3898.400 1.000 81 0
13493.200 4072.400 1.000 80 0
13580.200 4072.400 1.000 80 0
13667.200 4072.400 1.000 80 0
13754.200 4072.400 1.000 80 0
13841.200 4072.400 1.000 80 0
13928.200 4072.400 1.000 80 0
14015.200 4072.400 1.000 80 0
14102.200 4072.400 1.000 80 0
14189.200 4072.400 1.000 80 0
14276.200 4072.400 1.000 80 0
14363.200 4072.400 1.000 80 0
14450.200 4072.400 1.000 80 0
14537.200 4072.400 1.000 80 0
14624.200 4072.400 1.000 80 0
14711.200 4072.400 1.000 80 0
14798.200 4072.400 1.000 80 0
14885.200 4072.400 1.000 85 0
14885.200 3985.400 1.000 81 0
14885.200 3202.400 1.000 80 0
14972.200 3202.400 1.000 90 0
14972.200 3289.400 1.000 82 0
14972.200 3376.400 1.000 82 0
14972.200 3463.400 1.000 82 0
14972.200 3550.400 1.000 82 0
14972.200 3637.400 1.000 82 0
14972.200 3724.400 1.000 82 0
14972.200 3811.400 1.000 82 0
14972.200 3898.400 1.000 82 0
14972.200 3985.400 1.000 82 0
14972.200 4072.400 1.000 82 0
12188.200 3637.400 1.000 90 0
12188.200 3724.400 1.000 91 0
12188.200 3289.400 1.000 87 0
12101.200 3289.400 1.000 88 0
12188.200 3376.400 1.000 91 0
12101.200 3376.400 1.000 92 0
12101.200 3724.400 1.000 83 0
12101.200 3637.400 1.000 80 0
12014.200 3637.400 1.000 80 0
12014.200 3724.400 1.000 83 0
11927.200 3637.400 1.000 89 0
11927.200 3724.400 1.000 92 0
11975.001 3568.400 0.690 0 1
12014.200 4072.400 1.000 85 0
12101.200 4072.400 1.000 86 0
12014.200 3985.400 1.000 89 0
12101.200 3985.400 1.000 90 0
13145.200 3811.400 1.000 85 0
13058.200 3811.400 1.000 80 0
13058.200 3898.400 1.000 94 0
13145.200 3898.400 1.000 94 0
12971.200 3985.400 1.000 94 0
13058.200 3985.400 1.000 94 0
13145.200 3985.400 1.000 94 0
12971.200 4072.400 1.000 94 0
13058.200 4072.400 1.000 94 0
13145.200 4072.400 1.000 94 0
12797.200 3898.400 1.000 89 0
12797.200 3985.400 1.000 81 0
12797.200 4072.400 1.000 85 0
12884.200 3985.400 1.000 94 0
12884.200 4072.400 1.000 94 0
12971.200 3811.400 1.000 89 0
12971.200 3898.400 1.000 85 0
12884.200 3898.400 1.000 80 0
-457.200 4073.200 1.000 61 0
-647.200 4073.200 1.000 61 0
-1143.600 4073.200 1.000 63 0
-1344.600 4073.200 1.000 62 0
-848.200 4073.200 1.000 62 0
-304.400 3846.800 0.365 69 0
300.400 3659.600 0.395 69 0
284.400 3584.675 0.405 71 0
2906.000 3780.000 0.470 69 0
3642.400 3622.000 0.440 69 0
5525.600 3726.400 0.530 69 0
5900.000 3864.000 0.450 70 0
6329.600 3519.200 0.505 70 0
7380.507 3529.020 0.515 70 0
7358.063 3278.308 0.535 71 0
5504.203 3626.500 0.540 71 0
-320.928 3775.575 0.385 71 0
3727.760 3811.600 0.440 60 0
3880.600 3698.800 0.440 95 0
5628.420 3954.800 0.440 60 0
6427.570 3952.800 0.440 60 0
6199.800 3540.800 0.440 95 0
7250.707 3705.600 0.440 95 0
6329.600 3749.200 0.505 69 0
7380.800 3763.600 0.515 69 0
7393.200 3379.555 0.835 73 0
13518.800 3968.400 0.730 96 0
9605.200 3688.000 0.710 93 0
0.000 0.000 0.000 0 0
0.000 0.000 0.000 0 0
0.000 0.000 0.000 0 0
0.000 0.000 0.000 0 0
