5852.400 1006.000 247.753 2.500 2 0 99999 99999 NOFILE
8788.400 1277.600 2.000 350.000 5 0 99999 99999 NOFILE
12891.600 1077.200 386.257 2.500 3 0 99999 99999 NOFILE
2548.000 570.400 78.750 100.000 6 0 3186.958 474.162 NOFILE
786.000 720.800 42.500 192.500 8 1 99999 99999 NOFILE
2366.000 730.800 34.750 170.000 8 1 99999 99999 NOFILE
2640.400 645.000 29.250 267.500 8 1 99999 99999 NOFILE
7570.400 1620.800 33.500 152.500 8 1 99999 99999 NOFILE
11276.400 1200.400 27.000 170.000 8 1 99999 99999 NOFILE
11558.800 1107.200 27.000 260.000 8 1 99999 99999 NOFILE
13228.000 977.000 30.250 395.000 8 1 99999 99999 NOFILE
9330.000 1118.000 2.750 500.000 5 0 99999 99999 NOFILE
6503.200 1720.800 70.500 67.500 6 0 6903.667 1532.162 NOFILE
7210.000 1459.600 79.500 67.500 6 0 8832.800 1330.950 NOFILE
5785.200 481.200 4.000 452.500 1 0 99999 99999 NOFILE
13557.200 740.800 6.750 252.500 1 0 99999 99999 NOFILE
12100.000 1478.400 236.753 237.500 9 0 99999 99999 NOFILE
11229.200 592.800 236.753 237.500 9 0 99999 99999 NOFILE
10702.400 595.200 236.753 237.500 9 0 99999 99999 NOFILE
8234.800 989.200 323.505 267.500 9 0 99999 99999 NOFILE
5785.200 481.200 4.000 452.500 1 0 99999 99999 NOFILE
13557.200 740.800 6.750 252.500 1 0 99999 99999 NOFILE
326.800 863.200 22.750 67.500 0 0 99999 99999 Resources/Dialogues/Library/Jump/jump_1.txt
1481.200 586.400 22.750 67.500 0 0 99999 99999 Resources/Dialogues/Library/Attack/attack_1.txt
2300.400 675.200 22.750 67.500 0 0 99999 99999 Resources/Dialogues/Library/Puzzle/puzzle_1.txt
5616.000 663.200 24.000 77.500 0 0 99999 99999 Resources/Dialogues/Library/Save/save_1.txt
4768.400 911.600 62.250 10.000 7 0 5082.133 674.162 NOFILE
10582.400 1368.800 62.250 10.000 7 0 13328.800 735.600 NOFILE
12615.600 1368.400 62.250 10.000 7 0 13424.800 735.800 NOFILE
204.800 432.400 50.000 500.000 0 2 99999 99999 Resources/Dialogues/Library/Intro/intro_1.txt
13626.677 704.852 42.250 537.500 0 2 99999 99999 Resources/Dialogues/Library/Boss/beforeboss_1.txt
14125.000 1070.000 50.000 87.500 10 0 99999 99999 
99999.000 99999.000 0.000 0.000 1 0 99999 99999 