-200.000 472.000 1.000 16 0
-200.000 930.000 1.000 4 0
1374.000 740.500 1.000 57 0
1374.000 653.000 1.000 56 0
1996.050 842.500 1.000 55 0
2270.377 740.500 1.000 57 0
2543.000 740.500 1.000 57 0
2543.000 653.000 1.000 55 0
0.000 930.000 1.000 12 0
479.500 930.000 1.000 9 0
1029.500 930.000 1.000 9 0
1579.500 930.000 1.000 9 0
2129.500 930.000 1.000 9 0
2679.500 930.000 1.000 10 0
3159.000 930.000 1.000 3 0
3159.000 730.000 1.000 7 0
3359.000 730.000 1.000 8 0
3359.000 930.000 1.000 4 0
3559.000 930.000 1.000 12 0
4038.500 930.000 1.000 9 0
3705.747 608.219 1.000 58 0
4588.500 930.000 1.000 9 0
5138.500 930.000 1.000 9 0
5688.500 1130.000 1.000 52 0
5688.500 1330.000 1.000 16 0
5688.500 1788.000 1.000 4 0
5888.500 1788.000 1.000 12 0
6368.000 1788.000 1.000 9 0
6918.000 1788.000 1.000 9 0
7468.000 1788.000 1.000 9 0
8018.000 1788.000 1.000 9 0
8568.000 1788.000 1.000 43 0
8768.000 1788.000 1.000 3 0
8768.000 1588.000 1.000 7 0
8736.000 1130.000 1.000 6 0
8736.000 930.000 1.000 2 0
8936.000 930.000 1.000 48 0
9136.000 930.000 1.000 6 0
9136.000 730.000 1.000 2 0
9518.000 1588.000 1.000 3 0
9518.000 1388.000 1.000 7 0
9718.000 1388.000 1.000 9 0
10181.931 1198.500 1.000 57 0
10268.000 1388.000 1.000 9 0
9336.000 730.000 1.000 24 0
10181.931 1111.000 1.000 55 0
9815.500 730.000 1.000 21 0
10418.714 932.017 1.000 55 0
10419.722 1299.820 1.000 55 0
10818.000 1388.000 1.000 9 0
11368.000 1388.000 1.000 9 0
10912.065 1300.500 1.000 55 0
11179.225 1198.500 1.000 57 0
11459.085 1198.500 1.000 57 0
11459.085 1111.000 1.000 55 0
11918.000 1388.000 1.000 8 0
12318.000 1388.000 1.000 7 0
10365.500 730.000 1.000 46 0
10565.500 730.000 1.000 6 0
10885.721 732.553 1.000 5 0
11085.721 732.553 1.000 6 0
11408.706 735.576 1.000 5 0
11608.706 735.576 1.000 21 0
12518.000 1388.000 1.000 9 0
12158.706 735.576 1.000 21 0
12708.706 735.576 1.000 6 0
13068.000 1388.000 1.000 43 0
13268.000 1388.000 1.000 3 0
13268.000 1188.000 1.000 50 0
13268.000 988.000 1.000 7 0
12708.706 535.576 1.000 2 0
12908.706 535.576 1.000 24 0
13468.000 988.000 1.000 8 0
13468.000 1188.000 1.000 53 0
13468.000 1388.000 1.000 4 0
13668.000 1388.000 1.000 12 0
13388.206 535.576 1.000 21 0
13938.206 535.576 1.000 22 0
-200.000 272.000 1.000 52 0
-200.000 72.000 1.000 2 0
0.000 73.000 1.000 24 0
479.500 73.000 1.000 21 0
1029.500 73.000 1.000 21 0
1579.500 73.000 1.000 21 0
2129.500 73.000 1.000 21 0
2679.500 73.000 1.000 22 0
3159.000 73.000 1.000 1 0
3159.000 273.000 1.000 5 0
3359.000 273.000 1.000 6 0
3359.000 73.000 1.000 2 0
3559.000 73.000 1.000 24 0
4038.500 73.000 1.000 21 0
4588.500 73.000 1.000 46 0
4788.500 73.000 1.000 47 0
4988.500 73.000 1.000 1 0
4988.500 273.000 1.000 50 0
4988.500 473.000 1.000 5 0
5188.500 473.000 1.000 6 0
5188.500 273.000 1.000 2 0
5388.500 273.000 1.000 24 0
5868.000 273.000 1.000 47 0
6068.000 273.000 1.000 1 0
6068.000 473.000 1.000 18 0
6068.000 931.000 1.000 51 0
6068.000 1131.000 1.000 5 0
6268.000 1131.000 1.000 22 0
6747.500 1131.000 1.000 1 0
6947.500 1131.000 1.000 2 0
6747.500 1331.000 1.000 5 0
6947.500 1331.000 1.000 6 0
7147.500 1131.000 1.000 23 0
7605.500 1131.000 1.000 23 0
8063.500 1131.000 1.000 6 0
8536.000 1130.000 1.000 5 0
941.106 641.926 1.000 58 0
4011.175 565.171 1.000 58 0
4419.175 565.171 1.000 58 0
3559.000 878.000 1.000 30 0
3559.000 826.000 1.000 30 0
3559.000 774.000 1.000 30 0
3693.500 878.000 1.000 30 0
3828.000 878.000 1.000 30 0
3693.500 826.000 1.000 30 0
5584.829 740.500 1.000 57 0
5688.500 930.000 1.000 8 0
7315.600 1736.500 1.000 28 0
7147.600 1526.400 1.000 58 0
7682.800 1579.200 0.800 58 0
8009.200 1579.200 0.800 58 0
9383.500 1535.600 1.000 27 0
9249.000 1535.600 1.000 27 0
9114.500 1535.600 1.000 27 0
9383.500 1483.600 1.000 27 0
9249.000 1483.600 1.000 27 0
9383.500 1431.600 1.000 27 0
12244.000 1163.200 1.000 58 0
14417.706 535.576 1.000 47 0
14617.706 535.576 1.000 1 0
14617.706 735.576 1.000 18 0
14618.150 1194.000 0.970 51 0
8968.000 1588.000 1.000 9 0
14147.500 1388.000 0.980 10 0
14617.410 1388.000 0.980 3 0
9338.800 1198.400 1.000 58 0
9773.931 1133.000 1.000 58 0
10886.660 1119.416 0.720 58 0
11870.400 1256.400 1.000 58 0
9946.539 1974649856.000 1.320 0 1
2833.308 1974649344.000 1.565 0 1
474.800 863.955 1.295 28 0
546.000 795.320 1.295 29 0
602.800 727.980 1.295 30 0
4554.800 498.171 0.670 0 1
8115.200 1522.200 0.570 0 1
9854.400 1315.000 0.730 0 1
10418.714 1019.017 1.000 55 0
10418.714 1106.017 1.000 55 0
10505.714 1106.017 1.000 56 0
10695.714 1106.017 1.000 55 0
10636.801 1048.517 0.575 0 1
12384.000 1106.700 0.565 0 1
7370.800 1683.500 1.000 29 0
7414.800 1631.500 1.000 30 0
13804.400 1306.000 1.000 77 0
13694.400 1077.600 1.000 76 0
14469.600 1065.600 1.000 78 0
0.000 0.000 0.000 0 0
0.000 0.000 0.000 0 0
0.000 0.000 0.000 0 0
2827.200 861.000 0.690 0 1
0.000 0.000 0.000 0 0
0.000 0.000 0.000 0 0
0.000 0.000 0.000 0 0
0.000 0.000 0.000 0 0
0.000 0.000 0.000 0 0
0.000 0.000 0.000 0 0
0.000 0.000 0.000 0 0
0.000 0.000 0.000 0 0
0.000 0.000 0.000 0 0
0.000 0.000 0.000 0 0
0.000 0.000 0.000 0 0
0.000 0.000 0.000 0 0
0.000 0.000 0.000 0 0
0.000 0.000 0.000 0 0
0.000 0.000 0.000 0 0
0.000 0.000 0.000 0 0
0.000 0.000 0.000 0 0
0.000 0.000 0.000 0 0
0.000 0.000 0.000 0 0
0.000 0.000 0.000 0 0
0.000 0.000 0.000 0 0
0.000 0.000 0.000 0 0
0.000 0.000 0.000 0 0
5188.500 73.000 1.000 9 0
6268.000 273.000 1.000 16 0
6268.000 731.000 1.000 38 0
6268.000 931.000 1.000 4 0
6468.000 931.000 1.000 12 0
6948.000 931.000 1.000 9 0
8062.800 931.000 1.000 8 0
7498.800 926.000 1.025 9 0
8536.000 930.000 1.000 7 0
8736.000 730.000 1.000 7 0
8936.000 730.000 1.000 42 0
5688.500 1988.000 1.000 39 0
5888.500 1988.000 1.000 24 0
6368.500 1988.000 1.000 21 0
6918.500 1988.000 1.000 21 0
7468.500 1988.000 1.000 21 0
8018.500 1988.000 1.000 21 0
8568.500 1988.000 1.000 46 0
8768.500 1988.000 1.000 1 0
8968.500 1988.000 1.000 2 0
8968.000 1788.000 1.000 21 0
9518.000 1788.000 1.000 39 0
9718.000 1788.000 1.000 1 0
9718.000 1588.000 1.000 21 0
10268.000 1588.000 1.000 21 0
10818.000 1588.000 1.000 21 0
11368.000 1588.000 1.000 21 0
11918.000 1588.000 1.000 36 0
12318.000 1588.000 1.000 35 0
12518.000 1588.000 1.000 21 0
13068.000 1588.000 1.000 21 0
13618.000 1588.000 1.000 21 0
9136.000 530.000 1.000 7 0
9336.000 530.000 1.000 12 0
9816.000 530.000 1.000 9 0
10366.000 530.000 1.000 40 0
10566.000 530.000 1.000 8 0
10885.721 532.553 1.000 7 0
11085.721 532.553 1.000 8 0
11408.706 535.576 1.000 7 0
11608.706 535.576 1.000 9 0
12158.706 535.576 1.000 9 0
12708.706 335.576 1.000 7 0
12908.706 335.576 1.000 12 0
13388.706 335.576 1.000 9 0
13938.706 335.576 1.000 9 0
14488.706 335.576 1.000 9 0
14817.706 535.576 1.000 13 0
5738.500 79.600 0.965 9 0
6269.250 74.800 0.990 8 0
5488.500 1130.000 1.000 17 0
5488.500 1680.000 1.000 17 0
14168.400 1584.000 0.945 22 0
14622.000 1584.000 0.945 41 0
14817.706 1085.576 1.000 54 0
14813.410 1285.600 1.025 52 0
14813.410 1491.200 1.025 38 0
0.000 0.000 0.000 0 0
0.000 0.000 0.000 0 0
